77;52
0;0;254
0;1;254
0;2;254
0;3;254
0;4;254
0;5;254
0;6;254
0;7;254
0;8;254
0;9;254
0;10;254
0;11;254
0;12;254
0;13;254
0;14;254
0;15;254
0;16;254
0;17;254
0;18;254
0;19;254
0;20;254
0;21;254
0;22;254
0;23;254
0;24;254
0;25;254
0;26;254
0;27;254
0;28;254
0;29;254
0;30;254
0;31;254
0;32;254
0;33;254
0;34;254
0;35;254
0;36;254
0;37;254
0;38;223
0;39;186
0;40;254
0;41;254
0;42;254
0;43;254
0;44;254
0;45;254
0;46;254
0;47;254
0;48;254
0;49;254
0;50;254
0;51;254
1;0;254
1;1;254
1;2;254
1;3;254
1;4;254
1;5;254
1;6;254
1;7;254
1;8;254
1;9;254
1;10;254
1;11;254
1;12;254
1;13;254
1;14;254
1;15;254
1;16;254
1;17;254
1;18;254
1;19;254
1;20;254
1;21;254
1;22;254
1;23;254
1;24;254
1;25;254
1;26;254
1;27;254
1;28;254
1;29;254
1;30;254
1;31;254
1;32;254
1;33;254
1;34;254
1;35;254
1;36;254
1;37;254
1;38;221
1;39;161
1;40;184
1;41;254
1;42;254
1;43;254
1;44;254
1;45;254
1;46;254
1;47;254
1;48;254
1;49;254
1;50;254
1;51;254
2;0;254
2;1;254
2;2;254
2;3;254
2;4;254
2;5;254
2;6;254
2;7;254
2;8;254
2;9;254
2;10;254
2;11;254
2;12;254
2;13;254
2;14;254
2;15;254
2;16;254
2;17;254
2;18;254
2;19;254
2;20;254
2;21;254
2;22;254
2;23;254
2;24;254
2;25;254
2;26;254
2;27;254
2;28;254
2;29;254
2;30;254
2;31;254
2;32;254
2;33;254
2;34;254
2;35;254
2;36;254
2;37;254
2;38;226
2;39;169
2;40;172
2;41;254
2;42;254
2;43;254
2;44;254
2;45;254
2;46;254
2;47;254
2;48;254
2;49;254
2;50;254
2;51;254
3;0;254
3;1;254
3;2;254
3;3;254
3;4;254
3;5;254
3;6;254
3;7;254
3;8;254
3;9;254
3;10;254
3;11;254
3;12;254
3;13;254
3;14;254
3;15;254
3;16;254
3;17;254
3;18;254
3;19;254
3;20;254
3;21;254
3;22;254
3;23;254
3;24;254
3;25;217
3;26;186
3;27;183
3;28;207
3;29;254
3;30;254
3;31;254
3;32;254
3;33;254
3;34;254
3;35;254
3;36;254
3;37;254
3;38;230
3;39;178
3;40;151
3;41;124
3;42;254
3;43;254
3;44;254
3;45;254
3;46;254
3;47;254
3;48;254
3;49;254
3;50;254
3;51;254
4;0;254
4;1;254
4;2;254
4;3;254
4;4;254
4;5;254
4;6;254
4;7;254
4;8;254
4;9;254
4;10;254
4;11;254
4;12;254
4;13;254
4;14;254
4;15;254
4;16;254
4;17;254
4;18;254
4;19;254
4;20;254
4;21;254
4;22;254
4;23;254
4;24;238
4;25;226
4;26;223
4;27;224
4;28;210
4;29;195
4;30;254
4;31;254
4;32;254
4;33;254
4;34;254
4;35;254
4;36;254
4;37;254
4;38;230
4;39;179
4;40;164
4;41;162
4;42;254
4;43;254
4;44;254
4;45;254
4;46;254
4;47;254
4;48;254
4;49;254
4;50;254
4;51;254
5;0;254
5;1;254
5;2;254
5;3;254
5;4;254
5;5;254
5;6;254
5;7;254
5;8;254
5;9;254
5;10;254
5;11;254
5;12;254
5;13;254
5;14;254
5;15;254
5;16;254
5;17;254
5;18;244
5;19;209
5;20;191
5;21;254
5;22;254
5;23;254
5;24;202
5;25;205
5;26;224
5;27;224
5;28;222
5;29;227
5;30;254
5;31;254
5;32;254
5;33;254
5;34;254
5;35;254
5;36;254
5;37;254
5;38;230
5;39;184
5;40;180
5;41;155
5;42;249
5;43;254
5;44;254
5;45;254
5;46;254
5;47;254
5;48;254
5;49;254
5;50;254
5;51;254
6;0;254
6;1;254
6;2;254
6;3;254
6;4;254
6;5;254
6;6;254
6;7;254
6;8;254
6;9;254
6;10;254
6;11;254
6;12;254
6;13;254
6;14;254
6;15;254
6;16;244
6;17;202
6;18;155
6;19;163
6;20;153
6;21;142
6;22;218
6;23;249
6;24;233
6;25;224
6;26;224
6;27;224
6;28;224
6;29;209
6;30;166
6;31;254
6;32;254
6;33;254
6;34;254
6;35;254
6;36;254
6;37;254
6;38;230
6;39;184
6;40;180
6;41;158
6;42;214
6;43;249
6;44;254
6;45;254
6;46;254
6;47;254
6;48;254
6;49;254
6;50;254
6;51;254
7;0;254
7;1;254
7;2;254
7;3;254
7;4;254
7;5;254
7;6;254
7;7;254
7;8;254
7;9;254
7;10;254
7;11;254
7;12;254
7;13;254
7;14;254
7;15;233
7;16;186
7;17;162
7;18;184
7;19;179
7;20;158
7;21;158
7;22;135
7;23;140
7;24;198
7;25;224
7;26;224
7;27;224
7;28;224
7;29;224
7;30;227
7;31;254
7;32;254
7;33;254
7;34;254
7;35;254
7;36;254
7;37;254
7;38;230
7;39;184
7;40;182
7;41;168
7;42;127
7;43;237
7;44;254
7;45;254
7;46;254
7;47;254
7;48;254
7;49;254
7;50;254
7;51;254
8;0;254
8;1;254
8;2;254
8;3;254
8;4;254
8;5;254
8;6;254
8;7;254
8;8;254
8;9;254
8;10;254
8;11;254
8;12;254
8;13;254
8;14;249
8;15;197
8;16;169
8;17;184
8;18;184
8;19;180
8;20;164
8;21;158
8;22;158
8;23;210
8;24;224
8;25;224
8;26;224
8;27;224
8;28;224
8;29;224
8;30;222
8;31;208
8;32;254
8;33;254
8;34;254
8;35;254
8;36;254
8;37;254
8;38;230
8;39;184
8;40;184
8;41;183
8;42;158
8;43;241
8;44;254
8;45;254
8;46;254
8;47;254
8;48;254
8;49;254
8;50;254
8;51;254
9;0;254
9;1;254
9;2;254
9;3;254
9;4;254
9;5;254
9;6;254
9;7;254
9;8;254
9;9;254
9;10;254
9;11;254
9;12;254
9;13;254
9;14;177
9;15;162
9;16;184
9;17;184
9;18;184
9;19;184
9;20;182
9;21;158
9;22;158
9;23;210
9;24;224
9;25;224
9;26;224
9;27;224
9;28;224
9;29;224
9;30;216
9;31;159
9;32;254
9;33;254
9;34;254
9;35;254
9;36;254
9;37;254
9;38;230
9;39;184
9;40;184
9;41;183
9;42;158
9;43;124
9;44;223
9;45;254
9;46;254
9;47;254
9;48;254
9;49;254
9;50;254
9;51;254
10;0;254
10;1;254
10;2;254
10;3;254
10;4;254
10;5;254
10;6;254
10;7;254
10;8;254
10;9;254
10;10;254
10;11;254
10;12;254
10;13;178
10;14;173
10;15;184
10;16;184
10;17;184
10;18;184
10;19;184
10;20;184
10;21;162
10;22;120
10;23;201
10;24;224
10;25;224
10;26;224
10;27;224
10;28;224
10;29;224
10;30;224
10;31;224
10;32;254
10;33;254
10;34;254
10;35;254
10;36;254
10;37;254
10;38;230
10;39;184
10;40;183
10;41;174
10;42;158
10;43;158
10;44;232
10;45;254
10;46;254
10;47;254
10;48;254
10;49;254
10;50;254
10;51;254
11;0;254
11;1;254
11;2;254
11;3;254
11;4;254
11;5;254
11;6;254
11;7;254
11;8;254
11;9;254
11;10;254
11;11;254
11;12;254
11;13;202
11;14;184
11;15;184
11;16;184
11;17;184
11;18;184
11;19;184
11;20;184
11;21;184
11;22;178
11;23;213
11;24;224
11;25;224
11;26;224
11;27;224
11;28;224
11;29;224
11;30;224
11;31;224
11;32;254
11;33;254
11;34;254
11;35;254
11;36;254
11;37;254
11;38;228
11;39;174
11;40;160
11;41;158
11;42;158
11;43;158
11;44;232
11;45;254
11;46;254
11;47;254
11;48;254
11;49;254
11;50;254
11;51;254
12;0;254
12;1;254
12;2;254
12;3;254
12;4;254
12;5;254
12;6;254
12;7;254
12;8;254
12;9;254
12;10;254
12;11;254
12;12;154
12;13;172
12;14;184
12;15;184
12;16;184
12;17;184
12;18;184
12;19;184
12;20;184
12;21;184
12;22;219
12;23;224
12;24;224
12;25;224
12;26;224
12;27;224
12;28;224
12;29;224
12;30;224
12;31;224
12;32;254
12;33;254
12;34;254
12;35;234
12;36;204
12;37;188
12;38;151
12;39;97
12;40;145
12;41;158
12;42;158
12;43;158
12;44;180
12;45;232
12;46;254
12;47;254
12;48;254
12;49;254
12;50;254
12;51;254
13;0;254
13;1;254
13;2;254
13;3;254
13;4;254
13;5;254
13;6;254
13;7;254
13;8;254
13;9;254
13;10;254
13;11;254
13;12;195
13;13;184
13;14;184
13;15;159
13;16;140
13;17;139
13;18;138
13;19;145
13;20;180
13;21;184
13;22;219
13;23;224
13;24;224
13;25;224
13;26;224
13;27;224
13;28;224
13;29;224
13;30;224
13;31;221
13;32;240
13;33;198
13;34;161
13;35;160
13;36;175
13;37;184
13;38;183
13;39;176
13;40;156
13;41;136
13;42;157
13;43;158
13;44;117
13;45;206
13;46;254
13;47;254
13;48;254
13;49;254
13;50;254
13;51;254
14;0;254
14;1;254
14;2;254
14;3;254
14;4;254
14;5;254
14;6;254
14;7;254
14;8;254
14;9;254
14;10;254
14;11;159
14;12;179
14;13;184
14;14;153
14;15;162
14;16;183
14;17;184
14;18;184
14;19;176
14;20;139
14;21;124
14;22;212
14;23;224
14;24;224
14;25;224
14;26;224
14;27;224
14;28;224
14;29;224
14;30;224
14;31;223
14;32;161
14;33;177
14;34;183
14;35;184
14;36;184
14;37;184
14;38;184
14;39;184
14;40;184
14;41;183
14;42;128
14;43;153
14;44;158
14;45;222
14;46;254
14;47;254
14;48;254
14;49;254
14;50;254
14;51;254
15;0;254
15;1;254
15;2;254
15;3;254
15;4;254
15;5;254
15;6;254
15;7;254
15;8;254
15;9;254
15;10;251
15;11;182
15;12;184
15;13;151
15;14;168
15;15;184
15;16;184
15;17;184
15;18;184
15;19;184
15;20;182
15;21;222
15;22;224
15;23;224
15;24;224
15;25;224
15;26;224
15;27;224
15;28;224
15;29;224
15;30;224
15;31;224
15;32;187
15;33;184
15;34;184
15;35;184
15;36;184
15;37;184
15;38;184
15;39;184
15;40;184
15;41;184
15;42;184
15;43;131
15;44;149
15;45;222
15;46;254
15;47;254
15;48;254
15;49;254
15;50;254
15;51;254
16;0;254
16;1;254
16;2;254
16;3;254
16;4;254
16;5;254
16;6;254
16;7;254
16;8;254
16;9;251
16;10;225
16;11;184
16;12;145
16;13;172
16;14;183
16;15;188
16;16;186
16;17;180
16;18;184
16;19;181
16;20;172
16;21;223
16;22;224
16;23;224
16;24;224
16;25;224
16;26;224
16;27;224
16;28;224
16;29;224
16;30;224
16;31;224
16;32;187
16;33;184
16;34;184
16;35;184
16;36;184
16;37;184
16;38;184
16;39;184
16;40;184
16;41;184
16;42;184
16;43;184
16;44;144
16;45;214
16;46;254
16;47;254
16;48;254
16;49;254
16;50;254
16;51;254
17;0;254
17;1;254
17;2;254
17;3;254
17;4;254
17;5;254
17;6;254
17;7;254
17;8;254
17;9;238
17;10;133
17;11;182
17;12;183
17;13;143
17;14;211
17;15;254
17;16;218
17;17;179
17;18;184
17;19;185
17;20;190
17;21;224
17;22;224
17;23;224
17;24;224
17;25;224
17;26;224
17;27;224
17;28;224
17;29;224
17;30;224
17;31;224
17;32;187
17;33;184
17;34;184
17;35;184
17;36;184
17;37;184
17;38;184
17;39;184
17;40;184
17;41;184
17;42;184
17;43;184
17;44;165
17;45;223
17;46;254
17;47;254
17;48;254
17;49;254
17;50;254
17;51;254
18;0;254
18;1;254
18;2;254
18;3;254
18;4;254
18;5;254
18;6;254
18;7;254
18;8;254
18;9;245
18;10;184
18;11;138
18;12;176
18;13;237
18;14;254
18;15;254
18;16;254
18;17;229
18;18;183
18;19;189
18;20;224
18;21;224
18;22;224
18;23;224
18;24;224
18;25;224
18;26;224
18;27;224
18;28;224
18;29;224
18;30;224
18;31;224
18;32;187
18;33;184
18;34;184
18;35;184
18;36;184
18;37;184
18;38;184
18;39;184
18;40;184
18;41;184
18;42;184
18;43;184
18;44;184
18;45;135
18;46;194
18;47;254
18;48;254
18;49;254
18;50;254
18;51;254
19;0;254
19;1;254
19;2;254
19;3;254
19;4;254
19;5;254
19;6;254
19;7;254
19;8;254
19;9;245
19;10;183
19;11;183
19;12;184
19;13;237
19;14;254
19;15;254
19;16;254
19;17;229
19;18;174
19;19;159
19;20;224
19;21;224
19;22;224
19;23;224
19;24;224
19;25;224
19;26;224
19;27;224
19;28;224
19;29;224
19;30;224
19;31;224
19;32;187
19;33;184
19;34;184
19;35;184
19;36;184
19;37;184
19;38;184
19;39;184
19;40;184
19;41;184
19;42;184
19;43;184
19;44;184
19;45;169
19;46;215
19;47;254
19;48;254
19;49;254
19;50;241
19;51;192
20;0;254
20;1;254
20;2;254
20;3;254
20;4;254
20;5;254
20;6;254
20;7;254
20;8;254
20;9;245
20;10;182
20;11;180
20;12;184
20;13;237
20;14;254
20;15;254
20;16;254
20;17;229
20;18;180
20;19;179
20;20;224
20;21;224
20;22;224
20;23;224
20;24;224
20;25;224
20;26;224
20;27;224
20;28;224
20;29;224
20;30;224
20;31;224
20;32;187
20;33;184
20;34;184
20;35;184
20;36;184
20;37;184
20;38;184
20;39;184
20;40;184
20;41;184
20;42;184
20;43;184
20;44;184
20;45;184
20;46;163
20;47;198
20;48;254
20;49;254
20;50;247
20;51;217
21;0;254
21;1;254
21;2;254
21;3;254
21;4;254
21;5;254
21;6;254
21;7;254
21;8;220
21;9;118
21;10;184
21;11;184
21;12;184
21;13;237
21;14;190
21;15;192
21;16;254
21;17;229
21;18;184
21;19;191
21;20;224
21;21;224
21;22;224
21;23;224
21;24;224
21;25;224
21;26;224
21;27;224
21;28;224
21;29;224
21;30;224
21;31;224
21;32;187
21;33;184
21;34;184
21;35;184
21;36;184
21;37;184
21;38;184
21;39;184
21;40;184
21;41;184
21;42;184
21;43;184
21;44;184
21;45;184
21;46;167
21;47;203
21;48;254
21;49;227
21;50;173
21;51;227
22;0;254
22;1;254
22;2;254
22;3;254
22;4;254
22;5;254
22;6;254
22;7;254
22;8;233
22;9;161
22;10;158
22;11;184
22;12;184
22;13;237
22;14;191
22;15;193
22;16;254
22;17;229
22;18;168
22;19;142
22;20;224
22;21;224
22;22;224
22;23;224
22;24;224
22;25;224
22;26;224
22;27;224
22;28;224
22;29;224
22;30;224
22;31;224
22;32;187
22;33;184
22;34;184
22;35;184
22;36;184
22;37;184
22;38;184
22;39;184
22;40;184
22;41;184
22;42;184
22;43;184
22;44;184
22;45;184
22;46;169
22;47;204
22;48;254
22;49;246
22;50;224
22;51;227
23;0;254
23;1;254
23;2;254
23;3;254
23;4;254
23;5;254
23;6;254
23;7;254
23;8;238
23;9;178
23;10;139
23;11;184
23;12;184
23;13;237
23;14;254
23;15;254
23;16;254
23;17;229
23;18;181
23;19;173
23;20;177
23;21;224
23;22;224
23;23;224
23;24;224
23;25;224
23;26;224
23;27;224
23;28;224
23;29;224
23;30;224
23;31;224
23;32;187
23;33;184
23;34;184
23;35;184
23;36;184
23;37;184
23;38;184
23;39;184
23;40;184
23;41;184
23;42;184
23;43;184
23;44;184
23;45;184
23;46;169
23;47;143
23;48;130
23;49;158
23;50;224
23;51;227
24;0;254
24;1;254
24;2;254
24;3;254
24;4;254
24;5;254
24;6;254
24;7;254
24;8;217
24;9;102
24;10;184
24;11;184
24;12;184
24;13;141
24;14;210
24;15;254
24;16;254
24;17;229
24;18;195
24;19;224
24;20;224
24;21;224
24;22;224
24;23;224
24;24;224
24;25;224
24;26;224
24;27;224
24;28;224
24;29;224
24;30;224
24;31;224
24;32;187
24;33;184
24;34;184
24;35;184
24;36;184
24;37;184
24;38;184
24;39;184
24;40;184
24;41;184
24;42;184
24;43;184
24;44;184
24;45;184
24;46;169
24;47;153
24;48;161
24;49;194
24;50;224
24;51;227
25;0;254
25;1;254
25;2;254
25;3;254
25;4;254
25;5;254
25;6;254
25;7;254
25;8;242
25;9;200
25;10;184
25;11;184
25;12;184
25;13;184
25;14;228
25;15;253
25;16;214
25;17;170
25;18;190
25;19;224
25;20;224
25;21;224
25;22;224
25;23;224
25;24;224
25;25;224
25;26;224
25;27;224
25;28;224
25;29;224
25;30;224
25;31;224
25;32;187
25;33;184
25;34;184
25;35;184
25;36;184
25;37;184
25;38;184
25;39;184
25;40;184
25;41;184
25;42;184
25;43;184
25;44;184
25;45;184
25;46;169
25;47;158
25;48;167
25;49;194
25;50;224
25;51;227
26;0;254
26;1;254
26;2;254
26;3;254
26;4;254
26;5;254
26;6;254
26;7;254
26;8;240
26;9;190
26;10;184
26;11;184
26;12;184
26;13;184
26;14;157
26;15;159
26;16;178
26;17;166
26;18;159
26;19;224
26;20;224
26;21;224
26;22;224
26;23;224
26;24;224
26;25;224
26;26;224
26;27;224
26;28;224
26;29;224
26;30;224
26;31;223
26;32;185
26;33;184
26;34;184
26;35;184
26;36;184
26;37;184
26;38;184
26;39;184
26;40;184
26;41;184
26;42;184
26;43;184
26;44;184
26;45;184
26;46;169
26;47;158
26;48;167
26;49;182
26;50;191
26;51;227
27;0;254
27;1;254
27;2;254
27;3;254
27;4;254
27;5;254
27;6;254
27;7;254
27;8;220
27;9;115
27;10;184
27;11;184
27;12;184
27;13;184
27;14;184
27;15;184
27;16;184
27;17;198
27;18;224
27;19;223
27;20;221
27;21;223
27;22;224
27;23;224
27;24;224
27;25;224
27;26;224
27;27;224
27;28;224
27;29;224
27;30;224
27;31;223
27;32;184
27;33;184
27;34;184
27;35;184
27;36;184
27;37;184
27;38;184
27;39;184
27;40;184
27;41;184
27;42;184
27;43;184
27;44;184
27;45;184
27;46;169
27;47;158
27;48;167
27;49;182
27;50;189
27;51;217
28;0;254
28;1;254
28;2;254
28;3;254
28;4;254
28;5;254
28;6;254
28;7;254
28;8;238
28;9;184
28;10;184
28;11;184
28;12;184
28;13;184
28;14;184
28;15;184
28;16;184
28;17;198
28;18;224
28;19;217
28;20;182
28;21;223
28;22;224
28;23;224
28;24;224
28;25;224
28;26;224
28;27;224
28;28;224
28;29;224
28;30;224
28;31;223
28;32;184
28;33;184
28;34;184
28;35;184
28;36;184
28;37;184
28;38;184
28;39;184
28;40;184
28;41;184
28;42;184
28;43;184
28;44;184
28;45;184
28;46;169
28;47;158
28;48;121
28;49;96
28;50;189
28;51;224
29;0;254
29;1;254
29;2;254
29;3;254
29;4;254
29;5;254
29;6;254
29;7;254
29;8;238
29;9;184
29;10;184
29;11;184
29;12;184
29;13;184
29;14;184
29;15;184
29;16;184
29;17;189
29;18;195
29;19;186
29;20;177
29;21;221
29;22;224
29;23;224
29;24;224
29;25;224
29;26;224
29;27;224
29;28;224
29;29;224
29;30;224
29;31;223
29;32;184
29;33;184
29;34;184
29;35;184
29;36;184
29;37;184
29;38;184
29;39;184
29;40;184
29;41;184
29;42;184
29;43;184
29;44;184
29;45;184
29;46;169
29;47;158
29;48;155
29;49;159
29;50;189
29;51;224
30;0;254
30;1;254
30;2;254
30;3;254
30;4;254
30;5;254
30;6;254
30;7;254
30;8;238
30;9;184
30;10;184
30;11;184
30;12;184
30;13;184
30;14;184
30;15;184
30;16;184
30;17;153
30;18;120
30;19;182
30;20;182
30;21;223
30;22;224
30;23;224
30;24;224
30;25;224
30;26;224
30;27;224
30;28;224
30;29;224
30;30;224
30;31;223
30;32;184
30;33;184
30;34;184
30;35;184
30;36;184
30;37;184
30;38;184
30;39;184
30;40;184
30;41;184
30;42;184
30;43;184
30;44;184
30;45;184
30;46;169
30;47;158
30;48;158
30;49;164
30;50;189
30;51;224
31;0;254
31;1;254
31;2;254
31;3;254
31;4;254
31;5;254
31;6;254
31;7;254
31;8;238
31;9;184
31;10;184
31;11;184
31;12;184
31;13;184
31;14;184
31;15;184
31;16;184
31;17;184
31;18;183
31;19;172
31;20;131
31;21;223
31;22;224
31;23;224
31;24;224
31;25;224
31;26;224
31;27;224
31;28;224
31;29;224
31;30;224
31;31;223
31;32;184
31;33;184
31;34;184
31;35;184
31;36;184
31;37;184
31;38;184
31;39;184
31;40;184
31;41;184
31;42;184
31;43;184
31;44;184
31;45;184
31;46;169
31;47;158
31;48;158
31;49;164
31;50;189
31;51;224
32;0;254
32;1;254
32;2;254
32;3;254
32;4;254
32;5;254
32;6;254
32;7;254
32;8;238
32;9;184
32;10;184
32;11;184
32;12;184
32;13;184
32;14;184
32;15;184
32;16;184
32;17;184
32;18;183
32;19;175
32;20;150
32;21;224
32;22;224
32;23;224
32;24;224
32;25;224
32;26;224
32;27;224
32;28;224
32;29;224
32;30;220
32;31;190
32;32;174
32;33;184
32;34;184
32;35;184
32;36;184
32;37;184
32;38;184
32;39;184
32;40;184
32;41;184
32;42;184
32;43;184
32;44;184
32;45;184
32;46;169
32;47;158
32;48;158
32;49;164
32;50;189
32;51;224
33;0;254
33;1;254
33;2;254
33;3;254
33;4;254
33;5;254
33;6;254
33;7;254
33;8;238
33;9;184
33;10;184
33;11;184
33;12;184
33;13;184
33;14;184
33;15;184
33;16;184
33;17;184
33;18;171
33;19;142
33;20;185
33;21;224
33;22;224
33;23;224
33;24;224
33;25;224
33;26;224
33;27;224
33;28;224
33;29;224
33;30;219
33;31;181
33;32;183
33;33;184
33;34;184
33;35;184
33;36;184
33;37;184
33;38;184
33;39;184
33;40;184
33;41;184
33;42;184
33;43;184
33;44;184
33;45;168
33;46;158
33;47;158
33;48;158
33;49;164
33;50;189
33;51;224
34;0;254
34;1;254
34;2;254
34;3;254
34;4;254
34;5;254
34;6;254
34;7;254
34;8;238
34;9;184
34;10;184
34;11;184
34;12;184
34;13;184
34;14;184
34;15;184
34;16;184
34;17;184
34;18;169
34;19;143
34;20;204
34;21;224
34;22;224
34;23;224
34;24;224
34;25;224
34;26;224
34;27;224
34;28;224
34;29;224
34;30;219
34;31;182
34;32;184
34;33;184
34;34;184
34;35;184
34;36;184
34;37;184
34;38;184
34;39;184
34;40;184
34;41;184
34;42;184
34;43;184
34;44;184
34;45;166
34;46;158
34;47;158
34;48;158
34;49;164
34;50;189
34;51;224
35;0;254
35;1;254
35;2;254
35;3;211
35;4;231
35;5;254
35;6;254
35;7;251
35;8;229
35;9;184
35;10;184
35;11;184
35;12;184
35;13;184
35;14;184
35;15;184
35;16;184
35;17;184
35;18;184
35;19;191
35;20;224
35;21;224
35;22;224
35;23;224
35;24;224
35;25;224
35;26;224
35;27;224
35;28;224
35;29;218
35;30;195
35;31;182
35;32;184
35;33;184
35;34;184
35;35;184
35;36;184
35;37;184
35;38;184
35;39;184
35;40;184
35;41;184
35;42;184
35;43;184
35;44;184
35;45;166
35;46;158
35;47;158
35;48;158
35;49;164
35;50;189
35;51;224
36;0;254
36;1;254
36;2;254
36;3;73
36;4;122
36;5;228
36;6;254
36;7;226
36;8;170
36;9;184
36;10;184
36;11;184
36;12;184
36;13;184
36;14;184
36;15;184
36;16;184
36;17;184
36;18;184
36;19;191
36;20;224
36;21;224
36;22;224
36;23;224
36;24;224
36;25;224
36;26;224
36;27;224
36;28;224
36;29;215
36;30;175
36;31;123
36;32;184
36;33;184
36;34;184
36;35;184
36;36;184
36;37;184
36;38;184
36;39;184
36;40;184
36;41;184
36;42;184
36;43;184
36;44;184
36;45;166
36;46;158
36;47;158
36;48;158
36;49;164
36;50;189
36;51;224
37;0;254
37;1;254
37;2;154
37;3;37
37;4;1
37;5;109
37;6;228
37;7;218
37;8;151
37;9;184
37;10;184
37;11;184
37;12;184
37;13;184
37;14;184
37;15;179
37;16;175
37;17;179
37;18;184
37;19;191
37;20;224
37;21;224
37;22;224
37;23;224
37;24;224
37;25;224
37;26;224
37;27;222
37;28;209
37;29;183
37;30;181
37;31;177
37;32;184
37;33;184
37;34;184
37;35;184
37;36;184
37;37;184
37;38;184
37;39;184
37;40;184
37;41;184
37;42;184
37;43;184
37;44;184
37;45;166
37;46;158
37;47;158
37;48;158
37;49;164
37;50;189
37;51;224
38;0;254
38;1;254
38;2;121
38;3;25
38;4;0
38;5;1
38;6;93
38;7;194
38;8;151
38;9;184
38;10;184
38;11;184
38;12;184
38;13;184
38;14;184
38;15;191
38;16;197
38;17;192
38;18;184
38;19;191
38;20;224
38;21;224
38;22;224
38;23;217
38;24;204
38;25;195
38;26;189
38;27;185
38;28;182
38;29;176
38;30;158
38;31;184
38;32;184
38;33;184
38;34;184
38;35;184
38;36;184
38;37;184
38;38;184
38;39;184
38;40;184
38;41;184
38;42;184
38;43;184
38;44;184
38;45;166
38;46;158
38;47;158
38;48;158
38;49;164
38;50;189
38;51;224
39;0;254
39;1;254
39;2;254
39;3;189
39;4;66
39;5;2
39;6;1
39;7;43
39;8;138
39;9;184
39;10;184
39;11;184
39;12;184
39;13;184
39;14;151
39;15;201
39;16;254
39;17;214
39;18;154
39;19;191
39;20;224
39;21;224
39;22;204
39;23;186
39;24;182
39;25;182
39;26;182
39;27;182
39;28;181
39;29;176
39;30;165
39;31;184
39;32;184
39;33;184
39;34;184
39;35;184
39;36;184
39;37;184
39;38;184
39;39;184
39;40;184
39;41;184
39;42;184
39;43;184
39;44;184
39;45;166
39;46;158
39;47;158
39;48;158
39;49;164
39;50;189
39;51;224
40;0;254
40;1;254
40;2;254
40;3;254
40;4;242
40;5;144
40;6;35
40;7;1
40;8;45
40;9;184
40;10;184
40;11;184
40;12;184
40;13;184
40;14;230
40;15;254
40;16;254
40;17;254
40;18;236
40;19;191
40;20;224
40;21;223
40;22;187
40;23;182
40;24;182
40;25;182
40;26;182
40;27;167
40;28;144
40;29;150
40;30;184
40;31;184
40;32;184
40;33;184
40;34;184
40;35;184
40;36;184
40;37;184
40;38;184
40;39;184
40;40;184
40;41;184
40;42;184
40;43;184
40;44;184
40;45;166
40;46;158
40;47;158
40;48;158
40;49;164
40;50;189
40;51;224
41;0;254
41;1;254
41;2;254
41;3;254
41;4;254
41;5;254
41;6;156
41;7;15
41;8;43
41;9;184
41;10;184
41;11;184
41;12;184
41;13;184
41;14;230
41;15;254
41;16;254
41;17;254
41;18;236
41;19;189
41;20;215
41;21;182
41;22;182
41;23;182
41;24;156
41;25;137
41;26;129
41;27;147
41;28;179
41;29;184
41;30;184
41;31;184
41;32;184
41;33;184
41;34;184
41;35;184
41;36;184
41;37;184
41;38;184
41;39;184
41;40;184
41;41;184
41;42;184
41;43;184
41;44;184
41;45;166
41;46;158
41;47;158
41;48;158
41;49;167
41;50;197
41;51;219
42;0;254
42;1;254
42;2;254
42;3;254
42;4;228
42;5;117
42;6;16
42;7;0
42;8;42
42;9;184
42;10;184
42;11;184
42;12;184
42;13;184
42;14;230
42;15;254
42;16;254
42;17;254
42;18;236
42;19;184
42;20;182
42;21;182
42;22;182
42;23;140
42;24;144
42;25;155
42;26;158
42;27;160
42;28;169
42;29;184
42;30;184
42;31;184
42;32;184
42;33;184
42;34;184
42;35;184
42;36;184
42;37;184
42;38;184
42;39;184
42;40;184
42;41;184
42;42;184
42;43;184
42;44;184
42;45;166
42;46;158
42;47;158
42;48;155
42;49;180
42;50;244
42;51;200
43;0;254
43;1;254
43;2;254
43;3;198
43;4;69
43;5;0
43;6;0
43;7;0
43;8;42
43;9;184
43;10;184
43;11;184
43;12;184
43;13;184
43;14;230
43;15;190
43;16;192
43;17;254
43;18;236
43;19;182
43;20;172
43;21;182
43;22;148
43;23;154
43;24;158
43;25;158
43;26;158
43;27;158
43;28;166
43;29;184
43;30;184
43;31;184
43;32;184
43;33;184
43;34;184
43;35;184
43;36;184
43;37;184
43;38;184
43;39;184
43;40;184
43;41;184
43;42;184
43;43;184
43;44;184
43;45;166
43;46;158
43;47;158
43;48;118
43;49;111
43;50;254
43;51;254
44;0;254
44;1;254
44;2;179
44;3;46
44;4;0
44;5;0
44;6;69
44;7;111
44;8;43
44;9;184
44;10;184
44;11;184
44;12;184
44;13;184
44;14;230
44;15;191
44;16;193
44;17;254
44;18;236
44;19;171
44;20;113
44;21;182
44;22;143
44;23;153
44;24;158
44;25;158
44;26;158
44;27;158
44;28;166
44;29;184
44;30;184
44;31;184
44;32;184
44;33;184
44;34;184
44;35;184
44;36;184
44;37;184
44;38;184
44;39;184
44;40;184
44;41;184
44;42;184
44;43;184
44;44;184
44;45;166
44;46;158
44;47;158
44;48;189
44;49;244
44;50;254
44;51;254
45;0;254
45;1;178
45;2;33
45;3;0
45;4;0
45;5;97
45;6;148
45;7;61
45;8;42
45;9;184
45;10;184
45;11;184
45;12;184
45;13;184
45;14;230
45;15;254
45;16;254
45;17;254
45;18;236
45;19;184
45;20;181
45;21;127
45;22;154
45;23;158
45;24;158
45;25;158
45;26;158
45;27;158
45;28;166
45;29;184
45;30;184
45;31;184
45;32;184
45;33;184
45;34;184
45;35;184
45;36;184
45;37;184
45;38;184
45;39;184
45;40;184
45;41;184
45;42;184
45;43;184
45;44;184
45;45;166
45;46;158
45;47;158
45;48;194
45;49;254
45;50;254
45;51;254
46;0;236
46;1;23
46;2;0
46;3;3
46;4;132
46;5;234
46;6;147
46;7;40
46;8;138
46;9;184
46;10;184
46;11;184
46;12;184
46;13;184
46;14;230
46;15;254
46;16;254
46;17;254
46;18;236
46;19;184
46;20;184
46;21;183
46;22;161
46;23;158
46;24;158
46;25;156
46;26;157
46;27;158
46;28;164
46;29;179
46;30;184
46;31;184
46;32;184
46;33;184
46;34;184
46;35;184
46;36;184
46;37;184
46;38;184
46;39;184
46;40;184
46;41;184
46;42;184
46;43;184
46;44;184
46;45;166
46;46;158
46;47;158
46;48;194
46;49;254
46;50;254
46;51;254
47;0;254
47;1;24
47;2;4
47;3;167
47;4;246
47;5;254
47;6;147
47;7;82
47;8;238
47;9;183
47;10;184
47;11;184
47;12;184
47;13;184
47;14;230
47;15;254
47;16;254
47;17;254
47;18;236
47;19;184
47;20;184
47;21;184
47;22;161
47;23;158
47;24;158
47;25;95
47;26;106
47;27;158
47;28;158
47;29;163
47;30;184
47;31;184
47;32;184
47;33;184
47;34;184
47;35;184
47;36;184
47;37;184
47;38;184
47;39;184
47;40;184
47;41;184
47;42;184
47;43;184
47;44;184
47;45;166
47;46;158
47;47;158
47;48;194
47;49;254
47;50;254
47;51;254
48;0;254
48;1;39
48;2;198
48;3;251
48;4;254
48;5;204
48;6;91
48;7;82
48;8;213
48;9;89
48;10;184
48;11;184
48;12;184
48;13;184
48;14;230
48;15;254
48;16;254
48;17;254
48;18;236
48;19;184
48;20;184
48;21;182
48;22;160
48;23;158
48;24;158
48;25;147
48;26;149
48;27;158
48;28;158
48;29;163
48;30;184
48;31;184
48;32;184
48;33;184
48;34;184
48;35;184
48;36;184
48;37;184
48;38;184
48;39;184
48;40;184
48;41;184
48;42;184
48;43;184
48;44;184
48;45;166
48;46;158
48;47;158
48;48;194
48;49;254
48;50;254
48;51;254
49;0;254
49;1;246
49;2;253
49;3;254
49;4;254
49;5;125
49;6;2
49;7;82
49;8;254
49;9;243
49;10;183
49;11;183
49;12;184
49;13;184
49;14;163
49;15;208
49;16;254
49;17;223
49;18;172
49;19;184
49;20;184
49;21;158
49;22;158
49;23;158
49;24;158
49;25;158
49;26;158
49;27;158
49;28;158
49;29;162
49;30;178
49;31;184
49;32;184
49;33;184
49;34;184
49;35;184
49;36;184
49;37;184
49;38;184
49;39;184
49;40;184
49;41;184
49;42;184
49;43;184
49;44;184
49;45;166
49;46;158
49;47;156
49;48;192
49;49;254
49;50;254
49;51;254
50;0;254
50;1;254
50;2;254
50;3;254
50;4;254
50;5;123
50;6;1
50;7;85
50;8;254
50;9;242
50;10;164
50;11;183
50;12;184
50;13;184
50;14;181
50;15;214
50;16;243
50;17;218
50;18;177
50;19;184
50;20;184
50;21;158
50;22;158
50;23;158
50;24;158
50;25;158
50;26;158
50;27;158
50;28;158
50;29;158
50;30;161
50;31;184
50;32;184
50;33;184
50;34;184
50;35;184
50;36;184
50;37;184
50;38;184
50;39;184
50;40;184
50;41;184
50;42;184
50;43;184
50;44;184
50;45;166
50;46;158
50;47;105
50;48;127
50;49;254
50;50;254
50;51;254
51;0;254
51;1;254
51;2;254
51;3;254
51;4;254
51;5;123
51;6;55
51;7;172
51;8;254
51;9;241
51;10;158
51;11;165
51;12;181
51;13;184
51;14;184
51;15;162
51;16;146
51;17;161
51;18;184
51;19;184
51;20;183
51;21;158
51;22;158
51;23;158
51;24;149
51;25;152
51;26;158
51;27;158
51;28;158
51;29;158
51;30;161
51;31;184
51;32;184
51;33;184
51;34;184
51;35;184
51;36;184
51;37;184
51;38;184
51;39;184
51;40;184
51;41;184
51;42;184
51;43;184
51;44;184
51;45;166
51;46;158
51;47;180
51;48;223
51;49;254
51;50;254
51;51;254
52;0;254
52;1;254
52;2;254
52;3;254
52;4;254
52;5;123
52;6;107
52;7;254
52;8;254
52;9;234
52;10;101
52;11;158
52;12;168
52;13;180
52;14;153
52;15;163
52;16;184
52;17;184
52;18;184
52;19;182
52;20;169
52;21;158
52;22;158
52;23;158
52;24;112
52;25;131
52;26;158
52;27;158
52;28;158
52;29;158
52;30;158
52;31;162
52;32;184
52;33;184
52;34;184
52;35;184
52;36;184
52;37;184
52;38;184
52;39;184
52;40;184
52;41;184
52;42;184
52;43;184
52;44;184
52;45;166
52;46;158
52;47;204
52;48;254
52;49;254
52;50;254
52;51;254
53;0;254
53;1;254
53;2;254
53;3;254
53;4;246
53;5;116
53;6;107
53;7;254
53;8;254
53;9;254
53;10;246
53;11;158
53;12;158
53;13;165
53;14;178
53;15;161
53;16;161
53;17;184
53;18;179
53;19;166
53;20;158
53;21;158
53;22;158
53;23;158
53;24;158
53;25;158
53;26;158
53;27;158
53;28;158
53;29;158
53;30;158
53;31;158
53;32;184
53;33;184
53;34;184
53;35;184
53;36;184
53;37;184
53;38;184
53;39;184
53;40;184
53;41;184
53;42;184
53;43;184
53;44;184
53;45;166
53;46;158
53;47;204
53;48;254
53;49;254
53;50;254
53;51;254
54;0;254
54;1;254
54;2;254
54;3;254
54;4;146
54;5;57
54;6;130
54;7;254
54;8;254
54;9;254
54;10;251
54;11;158
54;12;158
54;13;158
54;14;175
54;15;179
54;16;156
54;17;144
54;18;160
54;19;158
54;20;158
54;21;158
54;22;158
54;23;152
54;24;156
54;25;158
54;26;158
54;27;158
54;28;158
54;29;158
54;30;158
54;31;158
54;32;182
54;33;184
54;34;184
54;35;184
54;36;184
54;37;184
54;38;184
54;39;184
54;40;184
54;41;184
54;42;184
54;43;184
54;44;184
54;45;166
54;46;158
54;47;204
54;48;254
54;49;254
54;50;254
54;51;254
55;0;254
55;1;254
55;2;254
55;3;254
55;4;254
55;5;254
55;6;254
55;7;254
55;8;254
55;9;254
55;10;250
55;11;156
55;12;158
55;13;136
55;14;165
55;15;184
55;16;183
55;17;166
55;18;136
55;19;130
55;20;127
55;21;126
55;22;127
55;23;97
55;24;118
55;25;128
55;26;141
55;27;156
55;28;158
55;29;158
55;30;158
55;31;158
55;32;176
55;33;183
55;34;184
55;35;184
55;36;184
55;37;184
55;38;184
55;39;184
55;40;184
55;41;184
55;42;184
55;43;184
55;44;178
55;45;154
55;46;139
55;47;193
55;48;254
55;49;254
55;50;254
55;51;254
56;0;254
56;1;254
56;2;254
56;3;254
56;4;254
56;5;254
56;6;254
56;7;254
56;8;254
56;9;254
56;10;254
56;11;163
56;12;128
56;13;160
56;14;180
56;15;184
56;16;184
56;17;184
56;18;184
56;19;184
56;20;184
56;21;184
56;22;184
56;23;184
56;24;184
56;25;184
56;26;161
56;27;134
56;28;137
56;29;158
56;30;158
56;31;158
56;32;158
56;33;181
56;34;185
56;35;184
56;36;184
56;37;184
56;38;184
56;39;184
56;40;184
56;41;184
56;42;184
56;43;167
56;44;154
56;45;178
56;46;199
56;47;189
56;48;204
56;49;254
56;50;254
56;51;254
57;0;254
57;1;254
57;2;254
57;3;254
57;4;254
57;5;254
57;6;254
57;7;254
57;8;254
57;9;254
57;10;254
57;11;138
57;12;175
57;13;184
57;14;184
57;15;184
57;16;184
57;17;184
57;18;184
57;19;184
57;20;184
57;21;184
57;22;184
57;23;184
57;24;184
57;25;184
57;26;184
57;27;177
57;28;162
57;29;151
57;30;158
57;31;158
57;32;158
57;33;158
57;34;177
57;35;184
57;36;184
57;37;184
57;38;184
57;39;184
57;40;184
57;41;184
57;42;143
57;43;183
57;44;216
57;45;224
57;46;223
57;47;223
57;48;204
57;49;196
57;50;254
57;51;254
58;0;254
58;1;254
58;2;254
58;3;254
58;4;254
58;5;254
58;6;254
58;7;254
58;8;254
58;9;254
58;10;254
58;11;254
58;12;195
58;13;184
58;14;184
58;15;184
58;16;184
58;17;184
58;18;184
58;19;184
58;20;184
58;21;184
58;22;184
58;23;184
58;24;184
58;25;184
58;26;184
58;27;184
58;28;169
58;29;141
58;30;158
58;31;158
58;32;158
58;33;158
58;34;159
58;35;174
58;36;183
58;37;184
58;38;184
58;39;184
58;40;184
58;41;181
58;42;209
58;43;222
58;44;212
58;45;193
58;46;185
58;47;192
58;48;208
58;49;229
58;50;254
58;51;254
59;0;254
59;1;254
59;2;254
59;3;254
59;4;254
59;5;254
59;6;254
59;7;254
59;8;254
59;9;254
59;10;254
59;11;254
59;12;132
59;13;165
59;14;184
59;15;184
59;16;184
59;17;184
59;18;184
59;19;184
59;20;184
59;21;184
59;22;184
59;23;184
59;24;184
59;25;184
59;26;184
59;27;184
59;28;184
59;29;176
59;30;147
59;31;158
59;32;158
59;33;158
59;34;158
59;35;158
59;36;166
59;37;178
59;38;184
59;39;184
59;40;177
59;41;142
59;42;224
59;43;199
59;44;185
59;45;182
59;46;182
59;47;182
59;48;190
59;49;218
59;50;254
59;51;254
60;0;254
60;1;254
60;2;254
60;3;254
60;4;254
60;5;254
60;6;254
60;7;254
60;8;254
60;9;254
60;10;254
60;11;254
60;12;198
60;13;185
60;14;184
60;15;184
60;16;184
60;17;184
60;18;184
60;19;184
60;20;184
60;21;184
60;22;184
60;23;184
60;24;184
60;25;184
60;26;184
60;27;184
60;28;184
60;29;171
60;30;127
60;31;158
60;32;158
60;33;158
60;34;158
60;35;158
60;36;158
60;37;158
60;38;162
60;39;167
60;40;169
60;41;218
60;42;191
60;43;183
60;44;182
60;45;182
60;46;182
60;47;182
60;48;182
60;49;202
60;50;254
60;51;254
61;0;254
61;1;254
61;2;254
61;3;254
61;4;254
61;5;254
61;6;254
61;7;254
61;8;254
61;9;254
61;10;254
61;11;254
61;12;162
61;13;174
61;14;184
61;15;184
61;16;184
61;17;184
61;18;184
61;19;184
61;20;184
61;21;184
61;22;184
61;23;184
61;24;184
61;25;184
61;26;184
61;27;184
61;28;184
61;29;184
61;30;181
61;31;158
61;32;158
61;33;158
61;34;158
61;35;158
61;36;158
61;37;158
61;38;158
61;39;154
61;40;157
61;41;222
61;42;182
61;43;182
61;44;182
61;45;182
61;46;182
61;47;182
61;48;182
61;49;202
61;50;254
61;51;254
62;0;254
62;1;254
62;2;254
62;3;254
62;4;254
62;5;254
62;6;254
62;7;254
62;8;254
62;9;254
62;10;254
62;11;254
62;12;195
62;13;184
62;14;184
62;15;184
62;16;184
62;17;184
62;18;184
62;19;184
62;20;184
62;21;184
62;22;184
62;23;184
62;24;184
62;25;184
62;26;184
62;27;184
62;28;179
62;29;167
62;30;164
62;31;158
62;32;158
62;33;158
62;34;158
62;35;158
62;36;158
62;37;158
62;38;158
62;39;151
62;40;146
62;41;222
62;42;182
62;43;182
62;44;182
62;45;182
62;46;182
62;47;182
62;48;182
62;49;202
62;50;254
62;51;254
63;0;254
63;1;254
63;2;254
63;3;254
63;4;254
63;5;254
63;6;254
63;7;254
63;8;254
63;9;254
63;10;254
63;11;254
63;12;160
63;13;174
63;14;184
63;15;184
63;16;184
63;17;184
63;18;184
63;19;184
63;20;184
63;21;184
63;22;184
63;23;184
63;24;184
63;25;184
63;26;184
63;27;184
63;28;176
63;29;158
63;30;158
63;31;158
63;32;158
63;33;158
63;34;158
63;35;158
63;36;158
63;37;158
63;38;158
63;39;158
63;40;165
63;41;207
63;42;182
63;43;182
63;44;182
63;45;182
63;46;182
63;47;182
63;48;182
63;49;202
63;50;254
63;51;254
64;0;254
64;1;254
64;2;254
64;3;254
64;4;254
64;5;254
64;6;254
64;7;254
64;8;254
64;9;254
64;10;254
64;11;254
64;12;253
64;13;202
64;14;160
64;15;167
64;16;184
64;17;184
64;18;184
64;19;184
64;20;184
64;21;184
64;22;184
64;23;184
64;24;184
64;25;184
64;26;184
64;27;180
64;28;170
64;29;158
64;30;158
64;31;158
64;32;158
64;33;158
64;34;158
64;35;158
64;36;158
64;37;158
64;38;158
64;39;158
64;40;151
64;41;122
64;42;183
64;43;182
64;44;182
64;45;182
64;46;182
64;47;182
64;48;182
64;49;202
64;50;254
64;51;254
65;0;254
65;1;254
65;2;254
65;3;254
65;4;254
65;5;254
65;6;254
65;7;254
65;8;254
65;9;254
65;10;254
65;11;254
65;12;254
65;13;254
65;14;247
65;15;181
65;16;155
65;17;184
65;18;184
65;19;184
65;20;184
65;21;184
65;22;184
65;23;184
65;24;184
65;25;184
65;26;184
65;27;174
65;28;158
65;29;158
65;30;158
65;31;158
65;32;158
65;33;158
65;34;158
65;35;158
65;36;158
65;37;158
65;38;158
65;39;158
65;40;150
65;41;118
65;42;183
65;43;182
65;44;182
65;45;182
65;46;182
65;47;182
65;48;155
65;49;153
65;50;254
65;51;254
66;0;254
66;1;254
66;2;254
66;3;254
66;4;254
66;5;254
66;6;254
66;7;254
66;8;254
66;9;254
66;10;254
66;11;254
66;12;254
66;13;254
66;14;254
66;15;254
66;16;199
66;17;149
66;18;179
66;19;184
66;20;184
66;21;184
66;22;184
66;23;184
66;24;184
66;25;184
66;26;184
66;27;174
66;28;158
66;29;158
66;30;158
66;31;158
66;32;158
66;33;158
66;34;158
66;35;158
66;36;158
66;37;158
66;38;158
66;39;158
66;40;168
66;41;222
66;42;182
66;43;182
66;44;182
66;45;182
66;46;182
66;47;182
66;48;208
66;49;252
66;50;254
66;51;254
67;0;254
67;1;254
67;2;254
67;3;254
67;4;254
67;5;254
67;6;254
67;7;254
67;8;254
67;9;254
67;10;254
67;11;254
67;12;254
67;13;254
67;14;254
67;15;254
67;16;239
67;17;198
67;18;161
67;19;174
67;20;184
67;21;184
67;22;184
67;23;184
67;24;184
67;25;184
67;26;184
67;27;174
67;28;158
67;29;158
67;30;158
67;31;158
67;32;158
67;33;158
67;34;158
67;35;158
67;36;158
67;37;158
67;38;158
67;39;158
67;40;168
67;41;222
67;42;182
67;43;182
67;44;182
67;45;182
67;46;182
67;47;182
67;48;210
67;49;254
67;50;254
67;51;254
68;0;254
68;1;254
68;2;254
68;3;254
68;4;254
68;5;254
68;6;254
68;7;254
68;8;254
68;9;254
68;10;254
68;11;254
68;12;254
68;13;254
68;14;254
68;15;254
68;16;254
68;17;215
68;18;149
68;19;160
68;20;170
68;21;184
68;22;184
68;23;184
68;24;184
68;25;184
68;26;183
68;27;173
68;28;158
68;29;158
68;30;158
68;31;158
68;32;158
68;33;158
68;34;158
68;35;158
68;36;158
68;37;158
68;38;158
68;39;145
68;40;125
68;41;222
68;42;182
68;43;182
68;44;182
68;45;182
68;46;182
68;47;164
68;48;187
68;49;254
68;50;254
68;51;254
69;0;254
69;1;254
69;2;254
69;3;254
69;4;254
69;5;254
69;6;254
69;7;254
69;8;254
69;9;254
69;10;254
69;11;254
69;12;254
69;13;254
69;14;254
69;15;254
69;16;254
69;17;254
69;18;227
69;19;153
69;20;158
69;21;180
69;22;184
69;23;184
69;24;184
69;25;184
69;26;172
69;27;158
69;28;158
69;29;158
69;30;158
69;31;158
69;32;158
69;33;158
69;34;158
69;35;158
69;36;158
69;37;158
69;38;158
69;39;173
69;40;220
69;41;222
69;42;182
69;43;182
69;44;182
69;45;182
69;46;182
69;47;217
69;48;254
69;49;254
69;50;254
69;51;254
70;0;254
70;1;254
70;2;254
70;3;254
70;4;254
70;5;254
70;6;254
70;7;254
70;8;254
70;9;254
70;10;254
70;11;254
70;12;254
70;13;254
70;14;254
70;15;254
70;16;254
70;17;254
70;18;235
70;19;177
70;20;158
70;21;158
70;22;168
70;23;179
70;24;183
70;25;180
70;26;168
70;27;158
70;28;158
70;29;156
70;30;152
70;31;158
70;32;158
70;33;158
70;34;158
70;35;158
70;36;158
70;37;158
70;38;158
70;39;174
70;40;220
70;41;195
70;42;182
70;43;182
70;44;182
70;45;182
70;46;158
70;47;195
70;48;254
70;49;254
70;50;254
70;51;254
71;0;254
71;1;254
71;2;254
71;3;254
71;4;254
71;5;254
71;6;254
71;7;254
71;8;254
71;9;254
71;10;254
71;11;254
71;12;254
71;13;254
71;14;254
71;15;254
71;16;254
71;17;254
71;18;254
71;19;233
71;20;133
71;21;158
71;22;158
71;23;158
71;24;161
71;25;160
71;26;158
71;27;158
71;28;158
71;29;160
71;30;168
71;31;163
71;32;156
71;33;158
71;34;158
71;35;158
71;36;158
71;37;158
71;38;158
71;39;174
71;40;217
71;41;182
71;42;182
71;43;182
71;44;182
71;45;182
71;46;223
71;47;254
71;48;254
71;49;254
71;50;254
71;51;254
72;0;254
72;1;254
72;2;254
72;3;254
72;4;254
72;5;254
72;6;254
72;7;254
72;8;254
72;9;254
72;10;254
72;11;254
72;12;254
72;13;254
72;14;254
72;15;254
72;16;254
72;17;254
72;18;254
72;19;254
72;20;245
72;21;157
72;22;158
72;23;158
72;24;158
72;25;158
72;26;158
72;27;158
72;28;158
72;29;178
72;30;254
72;31;254
72;32;161
72;33;138
72;34;151
72;35;158
72;36;158
72;37;158
72;38;158
72;39;150
72;40;134
72;41;160
72;42;182
72;43;182
72;44;182
72;45;167
72;46;214
72;47;254
72;48;254
72;49;254
72;50;254
72;51;254
73;0;254
73;1;254
73;2;254
73;3;254
73;4;254
73;5;254
73;6;254
73;7;254
73;8;254
73;9;254
73;10;254
73;11;254
73;12;254
73;13;254
73;14;254
73;15;254
73;16;254
73;17;254
73;18;254
73;19;254
73;20;253
73;21;129
73;22;154
73;23;158
73;24;158
73;25;158
73;26;158
73;27;158
73;28;158
73;29;181
73;30;254
73;31;254
73;32;254
73;33;236
73;34;187
73;35;154
73;36;139
73;37;138
73;38;148
73;39;176
73;40;224
73;41;252
73;42;183
73;43;182
73;44;167
73;45;224
73;46;254
73;47;254
73;48;254
73;49;254
73;50;254
73;51;254
74;0;254
74;1;254
74;2;254
74;3;254
74;4;254
74;5;254
74;6;254
74;7;254
74;8;254
74;9;254
74;10;254
74;11;254
74;12;254
74;13;254
74;14;254
74;15;254
74;16;254
74;17;254
74;18;254
74;19;254
74;20;254
74;21;242
74;22;146
74;23;152
74;24;158
74;25;158
74;26;158
74;27;151
74;28;177
74;29;254
74;30;254
74;31;254
74;32;254
74;33;254
74;34;254
74;35;254
74;36;254
74;37;254
74;38;254
74;39;254
74;40;254
74;41;253
74;42;183
74;43;182
74;44;210
74;45;243
74;46;254
74;47;254
74;48;254
74;49;254
74;50;254
74;51;254
75;0;254
75;1;254
75;2;254
75;3;254
75;4;254
75;5;254
75;6;254
75;7;254
75;8;254
75;9;254
75;10;254
75;11;254
75;12;254
75;13;254
75;14;254
75;15;254
75;16;254
75;17;254
75;18;254
75;19;254
75;20;254
75;21;254
75;22;254
75;23;195
75;24;162
75;25;153
75;26;166
75;27;209
75;28;254
75;29;254
75;30;254
75;31;254
75;32;254
75;33;254
75;34;254
75;35;254
75;36;254
75;37;254
75;38;254
75;39;254
75;40;254
75;41;253
75;42;183
75;43;177
75;44;236
75;45;254
75;46;254
75;47;254
75;48;254
75;49;254
75;50;254
75;51;254
76;0;254
76;1;254
76;2;254
76;3;254
76;4;254
76;5;254
76;6;254
76;7;254
76;8;254
76;9;254
76;10;254
76;11;254
76;12;254
76;13;254
76;14;254
76;15;254
76;16;254
76;17;254
76;18;254
76;19;254
76;20;254
76;21;254
76;22;254
76;23;254
76;24;254
76;25;254
76;26;254
76;27;254
76;28;254
76;29;254
76;30;254
76;31;254
76;32;254
76;33;254
76;34;254
76;35;254
76;36;254
76;37;254
76;38;254
76;39;254
76;40;254
76;41;253
76;42;166
76;43;242
76;44;254
76;45;254
76;46;254
76;47;254
76;48;254
76;49;254
76;50;254
76;51;254